2025/06/21-20:41:13.540842 2084a4200 RocksDB version: 6.20.3
2025/06/21-20:41:13.540881 2084a4200 Git sha 8608d75d85f8e1b3b64b73a4fb6d19baec61ba5c
2025/06/21-20:41:13.540882 2084a4200 Compile date 2021-05-05 20:35:30
2025/06/21-20:41:13.540890 2084a4200 DB SUMMARY
2025/06/21-20:41:13.540891 2084a4200 DB Session ID:  Z71SZ9YZC16RG6AZ0LJD
2025/06/21-20:41:13.540903 2084a4200 SST files in /Users/medhavisingh/Downloads/splitchainfinal/.dfx/network/local/state/replicated_state/node-100/ic_consensus_pool/certification dir, Total Num: 0, files: 
2025/06/21-20:41:13.540904 2084a4200 Write Ahead Log file in /Users/medhavisingh/Downloads/splitchainfinal/.dfx/network/local/state/replicated_state/node-100/ic_consensus_pool/certification: 
2025/06/21-20:41:13.540905 2084a4200                         Options.error_if_exists: 0
2025/06/21-20:41:13.540906 2084a4200                       Options.create_if_missing: 1
2025/06/21-20:41:13.540906 2084a4200                         Options.paranoid_checks: 1
2025/06/21-20:41:13.540907 2084a4200                               Options.track_and_verify_wals_in_manifest: 0
2025/06/21-20:41:13.540907 2084a4200                                     Options.env: 0x1071eeec8
2025/06/21-20:41:13.540908 2084a4200                                      Options.fs: Posix File System
2025/06/21-20:41:13.540909 2084a4200                                Options.info_log: 0x7fdfb20372c0
2025/06/21-20:41:13.540910 2084a4200                Options.max_file_opening_threads: 16
2025/06/21-20:41:13.540910 2084a4200                              Options.statistics: 0x0
2025/06/21-20:41:13.540911 2084a4200                               Options.use_fsync: 1
2025/06/21-20:41:13.540911 2084a4200                       Options.max_log_file_size: 0
2025/06/21-20:41:13.540912 2084a4200                  Options.max_manifest_file_size: 1073741824
2025/06/21-20:41:13.540912 2084a4200                   Options.log_file_time_to_roll: 0
2025/06/21-20:41:13.540913 2084a4200                       Options.keep_log_file_num: 1000
2025/06/21-20:41:13.540913 2084a4200                    Options.recycle_log_file_num: 0
2025/06/21-20:41:13.540914 2084a4200                         Options.allow_fallocate: 1
2025/06/21-20:41:13.540914 2084a4200                        Options.allow_mmap_reads: 0
2025/06/21-20:41:13.540915 2084a4200                       Options.allow_mmap_writes: 0
2025/06/21-20:41:13.540915 2084a4200                        Options.use_direct_reads: 0
2025/06/21-20:41:13.540916 2084a4200                        Options.use_direct_io_for_flush_and_compaction: 0
2025/06/21-20:41:13.540916 2084a4200          Options.create_missing_column_families: 1
2025/06/21-20:41:13.540917 2084a4200                              Options.db_log_dir: 
2025/06/21-20:41:13.540917 2084a4200                                 Options.wal_dir: /Users/medhavisingh/Downloads/splitchainfinal/.dfx/network/local/state/replicated_state/node-100/ic_consensus_pool/certification
2025/06/21-20:41:13.540918 2084a4200                Options.table_cache_numshardbits: 6
2025/06/21-20:41:13.540918 2084a4200                         Options.WAL_ttl_seconds: 0
2025/06/21-20:41:13.540919 2084a4200                       Options.WAL_size_limit_MB: 0
2025/06/21-20:41:13.540919 2084a4200                        Options.max_write_batch_group_size_bytes: 1048576
2025/06/21-20:41:13.540920 2084a4200             Options.manifest_preallocation_size: 4194304
2025/06/21-20:41:13.540920 2084a4200                     Options.is_fd_close_on_exec: 1
2025/06/21-20:41:13.540921 2084a4200                   Options.advise_random_on_open: 1
2025/06/21-20:41:13.540921 2084a4200                    Options.db_write_buffer_size: 0
2025/06/21-20:41:13.540922 2084a4200                    Options.write_buffer_manager: 0x7fdfb2037230
2025/06/21-20:41:13.540922 2084a4200         Options.access_hint_on_compaction_start: 1
2025/06/21-20:41:13.540923 2084a4200  Options.new_table_reader_for_compaction_inputs: 0
2025/06/21-20:41:13.540923 2084a4200           Options.random_access_max_buffer_size: 1048576
2025/06/21-20:41:13.540924 2084a4200                      Options.use_adaptive_mutex: 0
2025/06/21-20:41:13.540930 2084a4200                            Options.rate_limiter: 0x0
2025/06/21-20:41:13.540931 2084a4200     Options.sst_file_manager.rate_bytes_per_sec: 0
2025/06/21-20:41:13.540932 2084a4200                       Options.wal_recovery_mode: 2
2025/06/21-20:41:13.540932 2084a4200                  Options.enable_thread_tracking: 0
2025/06/21-20:41:13.540933 2084a4200                  Options.enable_pipelined_write: 0
2025/06/21-20:41:13.540933 2084a4200                  Options.unordered_write: 0
2025/06/21-20:41:13.540934 2084a4200         Options.allow_concurrent_memtable_write: 1
2025/06/21-20:41:13.540934 2084a4200      Options.enable_write_thread_adaptive_yield: 1
2025/06/21-20:41:13.540934 2084a4200             Options.write_thread_max_yield_usec: 100
2025/06/21-20:41:13.540935 2084a4200            Options.write_thread_slow_yield_usec: 3
2025/06/21-20:41:13.540936 2084a4200                               Options.row_cache: None
2025/06/21-20:41:13.540936 2084a4200                              Options.wal_filter: None
2025/06/21-20:41:13.540937 2084a4200             Options.avoid_flush_during_recovery: 0
2025/06/21-20:41:13.540937 2084a4200             Options.allow_ingest_behind: 0
2025/06/21-20:41:13.540938 2084a4200             Options.preserve_deletes: 0
2025/06/21-20:41:13.540938 2084a4200             Options.two_write_queues: 0
2025/06/21-20:41:13.540938 2084a4200             Options.manual_wal_flush: 0
2025/06/21-20:41:13.540939 2084a4200             Options.atomic_flush: 0
2025/06/21-20:41:13.540939 2084a4200             Options.avoid_unnecessary_blocking_io: 0
2025/06/21-20:41:13.540940 2084a4200                 Options.persist_stats_to_disk: 0
2025/06/21-20:41:13.540942 2084a4200                 Options.write_dbid_to_manifest: 0
2025/06/21-20:41:13.540942 2084a4200                 Options.log_readahead_size: 0
2025/06/21-20:41:13.540943 2084a4200                 Options.file_checksum_gen_factory: Unknown
2025/06/21-20:41:13.540943 2084a4200                 Options.best_efforts_recovery: 0
2025/06/21-20:41:13.540944 2084a4200                Options.max_bgerror_resume_count: 2147483647
2025/06/21-20:41:13.540944 2084a4200            Options.bgerror_resume_retry_interval: 1000000
2025/06/21-20:41:13.540945 2084a4200             Options.allow_data_in_errors: 0
2025/06/21-20:41:13.540945 2084a4200             Options.db_host_id: __hostname__
2025/06/21-20:41:13.540946 2084a4200             Options.max_background_jobs: 2
2025/06/21-20:41:13.540946 2084a4200             Options.max_background_compactions: -1
2025/06/21-20:41:13.540947 2084a4200             Options.max_subcompactions: 1
2025/06/21-20:41:13.540947 2084a4200             Options.avoid_flush_during_shutdown: 0
2025/06/21-20:41:13.540948 2084a4200           Options.writable_file_max_buffer_size: 1048576
2025/06/21-20:41:13.540948 2084a4200             Options.delayed_write_rate : 16777216
2025/06/21-20:41:13.540949 2084a4200             Options.max_total_wal_size: 0
2025/06/21-20:41:13.540949 2084a4200             Options.delete_obsolete_files_period_micros: 21600000000
2025/06/21-20:41:13.540950 2084a4200                   Options.stats_dump_period_sec: 600
2025/06/21-20:41:13.540950 2084a4200                 Options.stats_persist_period_sec: 600
2025/06/21-20:41:13.540951 2084a4200                 Options.stats_history_buffer_size: 1048576
2025/06/21-20:41:13.540951 2084a4200                          Options.max_open_files: -1
2025/06/21-20:41:13.540952 2084a4200                          Options.bytes_per_sync: 0
2025/06/21-20:41:13.540952 2084a4200                      Options.wal_bytes_per_sync: 0
2025/06/21-20:41:13.540953 2084a4200                   Options.strict_bytes_per_sync: 0
2025/06/21-20:41:13.540953 2084a4200       Options.compaction_readahead_size: 0
2025/06/21-20:41:13.540954 2084a4200                  Options.max_background_flushes: -1
2025/06/21-20:41:13.540954 2084a4200 Compression algorithms supported:
2025/06/21-20:41:13.540955 2084a4200 	kZSTD supported: 0
2025/06/21-20:41:13.540956 2084a4200 	kZlibCompression supported: 0
2025/06/21-20:41:13.540960 2084a4200 	kXpressCompression supported: 0
2025/06/21-20:41:13.540961 2084a4200 	kSnappyCompression supported: 0
2025/06/21-20:41:13.540961 2084a4200 	kZSTDNotFinalCompression supported: 0
2025/06/21-20:41:13.540962 2084a4200 	kLZ4HCCompression supported: 0
2025/06/21-20:41:13.540962 2084a4200 	kLZ4Compression supported: 0
2025/06/21-20:41:13.540963 2084a4200 	kBZip2Compression supported: 0
2025/06/21-20:41:13.540964 2084a4200 Fast CRC32 supported: Not supported on x86
2025/06/21-20:41:13.541171 2084a4200 [db/db_impl/db_impl_open.cc:285] Creating manifest 1 
2025/06/21-20:41:13.541425 2084a4200 [db/version_set.cc:4627] Recovering from manifest file: /Users/medhavisingh/Downloads/splitchainfinal/.dfx/network/local/state/replicated_state/node-100/ic_consensus_pool/certification/MANIFEST-000001
2025/06/21-20:41:13.541457 2084a4200 [db/column_family.cc:598] --------------- Options for column family [default]:
2025/06/21-20:41:13.541461 2084a4200               Options.comparator: leveldb.BytewiseComparator
2025/06/21-20:41:13.541461 2084a4200           Options.merge_operator: None
2025/06/21-20:41:13.541462 2084a4200        Options.compaction_filter: None
2025/06/21-20:41:13.541463 2084a4200        Options.compaction_filter_factory: None
2025/06/21-20:41:13.541463 2084a4200  Options.sst_partitioner_factory: None
2025/06/21-20:41:13.541464 2084a4200         Options.memtable_factory: SkipListFactory
2025/06/21-20:41:13.541464 2084a4200            Options.table_factory: BlockBasedTable
2025/06/21-20:41:13.541479 2084a4200            table_factory options:   flush_block_policy_factory: FlushBlockBySizePolicyFactory (0x7fdfb20365e0)
  cache_index_and_filter_blocks: 0
  cache_index_and_filter_blocks_with_high_priority: 1
  pin_l0_filter_and_index_blocks_in_cache: 0
  pin_top_level_index_and_filter: 1
  index_type: 0
  data_block_index_type: 0
  index_shortening: 1
  data_block_hash_table_util_ratio: 0.750000
  hash_index_allow_collision: 1
  checksum: 1
  no_block_cache: 0
  block_cache: 0x7fdfb2036628
  block_cache_name: LRUCache
  block_cache_options:
    capacity : 8388608
    num_shard_bits : 4
    strict_capacity_limit : 0
    memory_allocator : None
    high_pri_pool_ratio: 0.000
  block_cache_compressed: 0x0
  persistent_cache: 0x0
  block_size: 4096
  block_size_deviation: 10
  block_restart_interval: 16
  index_block_restart_interval: 1
  metadata_block_size: 4096
  partition_filters: 0
  use_delta_encoding: 1
  filter_policy: nullptr
  whole_key_filtering: 1
  verify_compression: 0
  read_amp_bytes_per_bit: 0
  format_version: 5
  enable_index_compression: 1
  block_align: 0
2025/06/21-20:41:13.541484 2084a4200        Options.write_buffer_size: 67108864
2025/06/21-20:41:13.541485 2084a4200  Options.max_write_buffer_number: 2
2025/06/21-20:41:13.541485 2084a4200          Options.compression: NoCompression
2025/06/21-20:41:13.541486 2084a4200                  Options.bottommost_compression: Disabled
2025/06/21-20:41:13.541487 2084a4200       Options.prefix_extractor: nullptr
2025/06/21-20:41:13.541487 2084a4200   Options.memtable_insert_with_hint_prefix_extractor: nullptr
2025/06/21-20:41:13.541488 2084a4200             Options.num_levels: 7
2025/06/21-20:41:13.541488 2084a4200        Options.min_write_buffer_number_to_merge: 1
2025/06/21-20:41:13.541489 2084a4200     Options.max_write_buffer_number_to_maintain: 0
2025/06/21-20:41:13.541489 2084a4200     Options.max_write_buffer_size_to_maintain: 0
2025/06/21-20:41:13.541490 2084a4200            Options.bottommost_compression_opts.window_bits: -14
2025/06/21-20:41:13.541491 2084a4200                  Options.bottommost_compression_opts.level: 32767
2025/06/21-20:41:13.541491 2084a4200               Options.bottommost_compression_opts.strategy: 0
2025/06/21-20:41:13.541492 2084a4200         Options.bottommost_compression_opts.max_dict_bytes: 0
2025/06/21-20:41:13.541492 2084a4200         Options.bottommost_compression_opts.zstd_max_train_bytes: 0
2025/06/21-20:41:13.541493 2084a4200         Options.bottommost_compression_opts.parallel_threads: 1
2025/06/21-20:41:13.541500 2084a4200                  Options.bottommost_compression_opts.enabled: false
2025/06/21-20:41:13.541501 2084a4200         Options.bottommost_compression_opts.max_dict_buffer_bytes: 0
2025/06/21-20:41:13.541502 2084a4200            Options.compression_opts.window_bits: -14
2025/06/21-20:41:13.541502 2084a4200                  Options.compression_opts.level: 32767
2025/06/21-20:41:13.541503 2084a4200               Options.compression_opts.strategy: 0
2025/06/21-20:41:13.541503 2084a4200         Options.compression_opts.max_dict_bytes: 0
2025/06/21-20:41:13.541504 2084a4200         Options.compression_opts.zstd_max_train_bytes: 0
2025/06/21-20:41:13.541505 2084a4200         Options.compression_opts.parallel_threads: 1
2025/06/21-20:41:13.541505 2084a4200                  Options.compression_opts.enabled: false
2025/06/21-20:41:13.541506 2084a4200         Options.compression_opts.max_dict_buffer_bytes: 0
2025/06/21-20:41:13.541506 2084a4200      Options.level0_file_num_compaction_trigger: 4
2025/06/21-20:41:13.541507 2084a4200          Options.level0_slowdown_writes_trigger: 20
2025/06/21-20:41:13.541507 2084a4200              Options.level0_stop_writes_trigger: 36
2025/06/21-20:41:13.541508 2084a4200                   Options.target_file_size_base: 67108864
2025/06/21-20:41:13.541509 2084a4200             Options.target_file_size_multiplier: 1
2025/06/21-20:41:13.541509 2084a4200                Options.max_bytes_for_level_base: 268435456
2025/06/21-20:41:13.541510 2084a4200 Options.level_compaction_dynamic_level_bytes: 0
2025/06/21-20:41:13.541510 2084a4200          Options.max_bytes_for_level_multiplier: 10.000000
2025/06/21-20:41:13.541513 2084a4200 Options.max_bytes_for_level_multiplier_addtl[0]: 1
2025/06/21-20:41:13.541513 2084a4200 Options.max_bytes_for_level_multiplier_addtl[1]: 1
2025/06/21-20:41:13.541514 2084a4200 Options.max_bytes_for_level_multiplier_addtl[2]: 1
2025/06/21-20:41:13.541515 2084a4200 Options.max_bytes_for_level_multiplier_addtl[3]: 1
2025/06/21-20:41:13.541515 2084a4200 Options.max_bytes_for_level_multiplier_addtl[4]: 1
2025/06/21-20:41:13.541516 2084a4200 Options.max_bytes_for_level_multiplier_addtl[5]: 1
2025/06/21-20:41:13.541516 2084a4200 Options.max_bytes_for_level_multiplier_addtl[6]: 1
2025/06/21-20:41:13.541517 2084a4200       Options.max_sequential_skip_in_iterations: 8
2025/06/21-20:41:13.541517 2084a4200                    Options.max_compaction_bytes: 1677721600
2025/06/21-20:41:13.541518 2084a4200                        Options.arena_block_size: 8388608
2025/06/21-20:41:13.541518 2084a4200   Options.soft_pending_compaction_bytes_limit: 68719476736
2025/06/21-20:41:13.541519 2084a4200   Options.hard_pending_compaction_bytes_limit: 274877906944
2025/06/21-20:41:13.541520 2084a4200       Options.rate_limit_delay_max_milliseconds: 100
2025/06/21-20:41:13.541520 2084a4200                Options.disable_auto_compactions: 0
2025/06/21-20:41:13.541522 2084a4200                        Options.compaction_style: kCompactionStyleLevel
2025/06/21-20:41:13.541522 2084a4200                          Options.compaction_pri: kMinOverlappingRatio
2025/06/21-20:41:13.541523 2084a4200 Options.compaction_options_universal.size_ratio: 1
2025/06/21-20:41:13.541524 2084a4200 Options.compaction_options_universal.min_merge_width: 2
2025/06/21-20:41:13.541524 2084a4200 Options.compaction_options_universal.max_merge_width: 4294967295
2025/06/21-20:41:13.541525 2084a4200 Options.compaction_options_universal.max_size_amplification_percent: 200
2025/06/21-20:41:13.541525 2084a4200 Options.compaction_options_universal.compression_size_percent: -1
2025/06/21-20:41:13.541526 2084a4200 Options.compaction_options_universal.stop_style: kCompactionStopStyleTotalSize
2025/06/21-20:41:13.541527 2084a4200 Options.compaction_options_fifo.max_table_files_size: 1073741824
2025/06/21-20:41:13.541527 2084a4200 Options.compaction_options_fifo.allow_compaction: 0
2025/06/21-20:41:13.541529 2084a4200                   Options.table_properties_collectors: 
2025/06/21-20:41:13.541529 2084a4200                   Options.inplace_update_support: 0
2025/06/21-20:41:13.541535 2084a4200                 Options.inplace_update_num_locks: 10000
2025/06/21-20:41:13.541536 2084a4200               Options.memtable_prefix_bloom_size_ratio: 0.000000
2025/06/21-20:41:13.541537 2084a4200               Options.memtable_whole_key_filtering: 0
2025/06/21-20:41:13.541537 2084a4200   Options.memtable_huge_page_size: 0
2025/06/21-20:41:13.541538 2084a4200                           Options.bloom_locality: 0
2025/06/21-20:41:13.541539 2084a4200                    Options.max_successive_merges: 0
2025/06/21-20:41:13.541539 2084a4200                Options.optimize_filters_for_hits: 0
2025/06/21-20:41:13.541540 2084a4200                Options.paranoid_file_checks: 0
2025/06/21-20:41:13.541540 2084a4200                Options.force_consistency_checks: 1
2025/06/21-20:41:13.541541 2084a4200                Options.report_bg_io_stats: 0
2025/06/21-20:41:13.541541 2084a4200                               Options.ttl: 2592000
2025/06/21-20:41:13.541542 2084a4200          Options.periodic_compaction_seconds: 0
2025/06/21-20:41:13.541542 2084a4200                    Options.enable_blob_files: false
2025/06/21-20:41:13.541543 2084a4200                        Options.min_blob_size: 0
2025/06/21-20:41:13.541544 2084a4200                       Options.blob_file_size: 268435456
2025/06/21-20:41:13.541544 2084a4200                Options.blob_compression_type: NoCompression
2025/06/21-20:41:13.541545 2084a4200       Options.enable_blob_garbage_collection: false
2025/06/21-20:41:13.541545 2084a4200   Options.blob_garbage_collection_age_cutoff: 0.250000
2025/06/21-20:41:13.541907 2084a4200 [db/version_set.cc:4675] Recovered from manifest file:/Users/medhavisingh/Downloads/splitchainfinal/.dfx/network/local/state/replicated_state/node-100/ic_consensus_pool/certification/MANIFEST-000001 succeeded,manifest_file_number is 1, next_file_number is 3, last_sequence is 0, log_number is 0,prev_log_number is 0,max_column_family is 0,min_log_number_to_keep is 0
2025/06/21-20:41:13.541909 2084a4200 [db/version_set.cc:4684] Column family [default] (ID 0), log number is 0
2025/06/21-20:41:13.541950 2084a4200 [db/version_set.cc:4119] Creating manifest 4
2025/06/21-20:41:13.542250 2084a4200 [db/column_family.cc:598] --------------- Options for column family [CE]:
2025/06/21-20:41:13.542251 2084a4200               Options.comparator: leveldb.BytewiseComparator
2025/06/21-20:41:13.542253 2084a4200           Options.merge_operator: None
2025/06/21-20:41:13.542254 2084a4200        Options.compaction_filter: filter_outdated
2025/06/21-20:41:13.542254 2084a4200        Options.compaction_filter_factory: None
2025/06/21-20:41:13.542255 2084a4200  Options.sst_partitioner_factory: None
2025/06/21-20:41:13.542255 2084a4200         Options.memtable_factory: SkipListFactory
2025/06/21-20:41:13.542256 2084a4200            Options.table_factory: BlockBasedTable
2025/06/21-20:41:13.542264 2084a4200            table_factory options:   flush_block_policy_factory: FlushBlockBySizePolicyFactory (0x7fdfb2034d00)
  cache_index_and_filter_blocks: 0
  cache_index_and_filter_blocks_with_high_priority: 1
  pin_l0_filter_and_index_blocks_in_cache: 0
  pin_top_level_index_and_filter: 1
  index_type: 0
  data_block_index_type: 0
  index_shortening: 1
  data_block_hash_table_util_ratio: 0.750000
  hash_index_allow_collision: 1
  checksum: 1
  no_block_cache: 0
  block_cache: 0x7fdfb2034d48
  block_cache_name: LRUCache
  block_cache_options:
    capacity : 8388608
    num_shard_bits : 4
    strict_capacity_limit : 0
    memory_allocator : None
    high_pri_pool_ratio: 0.000
  block_cache_compressed: 0x0
  persistent_cache: 0x0
  block_size: 4096
  block_size_deviation: 10
  block_restart_interval: 16
  index_block_restart_interval: 1
  metadata_block_size: 4096
  partition_filters: 0
  use_delta_encoding: 1
  filter_policy: nullptr
  whole_key_filtering: 1
  verify_compression: 0
  read_amp_bytes_per_bit: 0
  format_version: 5
  enable_index_compression: 1
  block_align: 0
2025/06/21-20:41:13.542267 2084a4200        Options.write_buffer_size: 67108864
2025/06/21-20:41:13.542268 2084a4200  Options.max_write_buffer_number: 2
2025/06/21-20:41:13.542268 2084a4200          Options.compression: NoCompression
2025/06/21-20:41:13.542269 2084a4200                  Options.bottommost_compression: Disabled
2025/06/21-20:41:13.542269 2084a4200       Options.prefix_extractor: nullptr
2025/06/21-20:41:13.542270 2084a4200   Options.memtable_insert_with_hint_prefix_extractor: nullptr
2025/06/21-20:41:13.542270 2084a4200             Options.num_levels: 7
2025/06/21-20:41:13.542271 2084a4200        Options.min_write_buffer_number_to_merge: 1
2025/06/21-20:41:13.542271 2084a4200     Options.max_write_buffer_number_to_maintain: 0
2025/06/21-20:41:13.542272 2084a4200     Options.max_write_buffer_size_to_maintain: 0
2025/06/21-20:41:13.542273 2084a4200            Options.bottommost_compression_opts.window_bits: -14
2025/06/21-20:41:13.542273 2084a4200                  Options.bottommost_compression_opts.level: 32767
2025/06/21-20:41:13.542274 2084a4200               Options.bottommost_compression_opts.strategy: 0
2025/06/21-20:41:13.542274 2084a4200         Options.bottommost_compression_opts.max_dict_bytes: 0
2025/06/21-20:41:13.542275 2084a4200         Options.bottommost_compression_opts.zstd_max_train_bytes: 0
2025/06/21-20:41:13.542275 2084a4200         Options.bottommost_compression_opts.parallel_threads: 1
2025/06/21-20:41:13.542276 2084a4200                  Options.bottommost_compression_opts.enabled: false
2025/06/21-20:41:13.542277 2084a4200         Options.bottommost_compression_opts.max_dict_buffer_bytes: 0
2025/06/21-20:41:13.542277 2084a4200            Options.compression_opts.window_bits: -14
2025/06/21-20:41:13.542278 2084a4200                  Options.compression_opts.level: 32767
2025/06/21-20:41:13.542278 2084a4200               Options.compression_opts.strategy: 0
2025/06/21-20:41:13.542279 2084a4200         Options.compression_opts.max_dict_bytes: 0
2025/06/21-20:41:13.542279 2084a4200         Options.compression_opts.zstd_max_train_bytes: 0
2025/06/21-20:41:13.542280 2084a4200         Options.compression_opts.parallel_threads: 1
2025/06/21-20:41:13.542280 2084a4200                  Options.compression_opts.enabled: false
2025/06/21-20:41:13.542286 2084a4200         Options.compression_opts.max_dict_buffer_bytes: 0
2025/06/21-20:41:13.542286 2084a4200      Options.level0_file_num_compaction_trigger: 4
2025/06/21-20:41:13.542287 2084a4200          Options.level0_slowdown_writes_trigger: 20
2025/06/21-20:41:13.542287 2084a4200              Options.level0_stop_writes_trigger: 36
2025/06/21-20:41:13.542288 2084a4200                   Options.target_file_size_base: 67108864
2025/06/21-20:41:13.542289 2084a4200             Options.target_file_size_multiplier: 1
2025/06/21-20:41:13.542289 2084a4200                Options.max_bytes_for_level_base: 268435456
2025/06/21-20:41:13.542290 2084a4200 Options.level_compaction_dynamic_level_bytes: 0
2025/06/21-20:41:13.542290 2084a4200          Options.max_bytes_for_level_multiplier: 10.000000
2025/06/21-20:41:13.542291 2084a4200 Options.max_bytes_for_level_multiplier_addtl[0]: 1
2025/06/21-20:41:13.542292 2084a4200 Options.max_bytes_for_level_multiplier_addtl[1]: 1
2025/06/21-20:41:13.542292 2084a4200 Options.max_bytes_for_level_multiplier_addtl[2]: 1
2025/06/21-20:41:13.542293 2084a4200 Options.max_bytes_for_level_multiplier_addtl[3]: 1
2025/06/21-20:41:13.542293 2084a4200 Options.max_bytes_for_level_multiplier_addtl[4]: 1
2025/06/21-20:41:13.542294 2084a4200 Options.max_bytes_for_level_multiplier_addtl[5]: 1
2025/06/21-20:41:13.542294 2084a4200 Options.max_bytes_for_level_multiplier_addtl[6]: 1
2025/06/21-20:41:13.542295 2084a4200       Options.max_sequential_skip_in_iterations: 8
2025/06/21-20:41:13.542295 2084a4200                    Options.max_compaction_bytes: 1677721600
2025/06/21-20:41:13.542296 2084a4200                        Options.arena_block_size: 8388608
2025/06/21-20:41:13.542297 2084a4200   Options.soft_pending_compaction_bytes_limit: 68719476736
2025/06/21-20:41:13.542297 2084a4200   Options.hard_pending_compaction_bytes_limit: 274877906944
2025/06/21-20:41:13.542298 2084a4200       Options.rate_limit_delay_max_milliseconds: 100
2025/06/21-20:41:13.542298 2084a4200                Options.disable_auto_compactions: 1
2025/06/21-20:41:13.542299 2084a4200                        Options.compaction_style: kCompactionStyleLevel
2025/06/21-20:41:13.542299 2084a4200                          Options.compaction_pri: kMinOverlappingRatio
2025/06/21-20:41:13.542300 2084a4200 Options.compaction_options_universal.size_ratio: 1
2025/06/21-20:41:13.542300 2084a4200 Options.compaction_options_universal.min_merge_width: 2
2025/06/21-20:41:13.542301 2084a4200 Options.compaction_options_universal.max_merge_width: 4294967295
2025/06/21-20:41:13.542302 2084a4200 Options.compaction_options_universal.max_size_amplification_percent: 200
2025/06/21-20:41:13.542302 2084a4200 Options.compaction_options_universal.compression_size_percent: -1
2025/06/21-20:41:13.542303 2084a4200 Options.compaction_options_universal.stop_style: kCompactionStopStyleTotalSize
2025/06/21-20:41:13.542303 2084a4200 Options.compaction_options_fifo.max_table_files_size: 1073741824
2025/06/21-20:41:13.542304 2084a4200 Options.compaction_options_fifo.allow_compaction: 0
2025/06/21-20:41:13.542305 2084a4200                   Options.table_properties_collectors: 
2025/06/21-20:41:13.542305 2084a4200                   Options.inplace_update_support: 0
2025/06/21-20:41:13.542306 2084a4200                 Options.inplace_update_num_locks: 10000
2025/06/21-20:41:13.542306 2084a4200               Options.memtable_prefix_bloom_size_ratio: 0.000000
2025/06/21-20:41:13.542307 2084a4200               Options.memtable_whole_key_filtering: 0
2025/06/21-20:41:13.542307 2084a4200   Options.memtable_huge_page_size: 0
2025/06/21-20:41:13.542308 2084a4200                           Options.bloom_locality: 0
2025/06/21-20:41:13.542308 2084a4200                    Options.max_successive_merges: 0
2025/06/21-20:41:13.542309 2084a4200                Options.optimize_filters_for_hits: 0
2025/06/21-20:41:13.542310 2084a4200                Options.paranoid_file_checks: 0
2025/06/21-20:41:13.542310 2084a4200                Options.force_consistency_checks: 1
2025/06/21-20:41:13.542314 2084a4200                Options.report_bg_io_stats: 0
2025/06/21-20:41:13.542315 2084a4200                               Options.ttl: 2592000
2025/06/21-20:41:13.542316 2084a4200          Options.periodic_compaction_seconds: 2592000
2025/06/21-20:41:13.542316 2084a4200                    Options.enable_blob_files: false
2025/06/21-20:41:13.542317 2084a4200                        Options.min_blob_size: 0
2025/06/21-20:41:13.542317 2084a4200                       Options.blob_file_size: 268435456
2025/06/21-20:41:13.542318 2084a4200                Options.blob_compression_type: NoCompression
2025/06/21-20:41:13.542318 2084a4200       Options.enable_blob_garbage_collection: false
2025/06/21-20:41:13.542319 2084a4200   Options.blob_garbage_collection_age_cutoff: 0.250000
2025/06/21-20:41:13.542336 2084a4200 [db/db_impl/db_impl.cc:2662] Created column family [CE] (ID 1)
2025/06/21-20:41:13.543163 2084a4200 [db/column_family.cc:598] --------------- Options for column family [CES]:
2025/06/21-20:41:13.543164 2084a4200               Options.comparator: leveldb.BytewiseComparator
2025/06/21-20:41:13.543165 2084a4200           Options.merge_operator: None
2025/06/21-20:41:13.543166 2084a4200        Options.compaction_filter: filter_outdated
2025/06/21-20:41:13.543167 2084a4200        Options.compaction_filter_factory: None
2025/06/21-20:41:13.543167 2084a4200  Options.sst_partitioner_factory: None
2025/06/21-20:41:13.543168 2084a4200         Options.memtable_factory: SkipListFactory
2025/06/21-20:41:13.543169 2084a4200            Options.table_factory: BlockBasedTable
2025/06/21-20:41:13.543177 2084a4200            table_factory options:   flush_block_policy_factory: FlushBlockBySizePolicyFactory (0x7fdfb2035920)
  cache_index_and_filter_blocks: 0
  cache_index_and_filter_blocks_with_high_priority: 1
  pin_l0_filter_and_index_blocks_in_cache: 0
  pin_top_level_index_and_filter: 1
  index_type: 0
  data_block_index_type: 0
  index_shortening: 1
  data_block_hash_table_util_ratio: 0.750000
  hash_index_allow_collision: 1
  checksum: 1
  no_block_cache: 0
  block_cache: 0x7fdfb2035968
  block_cache_name: LRUCache
  block_cache_options:
    capacity : 8388608
    num_shard_bits : 4
    strict_capacity_limit : 0
    memory_allocator : None
    high_pri_pool_ratio: 0.000
  block_cache_compressed: 0x0
  persistent_cache: 0x0
  block_size: 4096
  block_size_deviation: 10
  block_restart_interval: 16
  index_block_restart_interval: 1
  metadata_block_size: 4096
  partition_filters: 0
  use_delta_encoding: 1
  filter_policy: nullptr
  whole_key_filtering: 1
  verify_compression: 0
  read_amp_bytes_per_bit: 0
  format_version: 5
  enable_index_compression: 1
  block_align: 0
2025/06/21-20:41:13.543177 2084a4200        Options.write_buffer_size: 67108864
2025/06/21-20:41:13.543178 2084a4200  Options.max_write_buffer_number: 2
2025/06/21-20:41:13.543179 2084a4200          Options.compression: NoCompression
2025/06/21-20:41:13.543179 2084a4200                  Options.bottommost_compression: Disabled
2025/06/21-20:41:13.543180 2084a4200       Options.prefix_extractor: nullptr
2025/06/21-20:41:13.543180 2084a4200   Options.memtable_insert_with_hint_prefix_extractor: nullptr
2025/06/21-20:41:13.543181 2084a4200             Options.num_levels: 7
2025/06/21-20:41:13.543181 2084a4200        Options.min_write_buffer_number_to_merge: 1
2025/06/21-20:41:13.543182 2084a4200     Options.max_write_buffer_number_to_maintain: 0
2025/06/21-20:41:13.543183 2084a4200     Options.max_write_buffer_size_to_maintain: 0
2025/06/21-20:41:13.543183 2084a4200            Options.bottommost_compression_opts.window_bits: -14
2025/06/21-20:41:13.543184 2084a4200                  Options.bottommost_compression_opts.level: 32767
2025/06/21-20:41:13.543184 2084a4200               Options.bottommost_compression_opts.strategy: 0
2025/06/21-20:41:13.543185 2084a4200         Options.bottommost_compression_opts.max_dict_bytes: 0
2025/06/21-20:41:13.543185 2084a4200         Options.bottommost_compression_opts.zstd_max_train_bytes: 0
2025/06/21-20:41:13.543186 2084a4200         Options.bottommost_compression_opts.parallel_threads: 1
2025/06/21-20:41:13.543187 2084a4200                  Options.bottommost_compression_opts.enabled: false
2025/06/21-20:41:13.543187 2084a4200         Options.bottommost_compression_opts.max_dict_buffer_bytes: 0
2025/06/21-20:41:13.543188 2084a4200            Options.compression_opts.window_bits: -14
2025/06/21-20:41:13.543188 2084a4200                  Options.compression_opts.level: 32767
2025/06/21-20:41:13.543189 2084a4200               Options.compression_opts.strategy: 0
2025/06/21-20:41:13.543189 2084a4200         Options.compression_opts.max_dict_bytes: 0
2025/06/21-20:41:13.543190 2084a4200         Options.compression_opts.zstd_max_train_bytes: 0
2025/06/21-20:41:13.543190 2084a4200         Options.compression_opts.parallel_threads: 1
2025/06/21-20:41:13.543191 2084a4200                  Options.compression_opts.enabled: false
2025/06/21-20:41:13.543196 2084a4200         Options.compression_opts.max_dict_buffer_bytes: 0
2025/06/21-20:41:13.543196 2084a4200      Options.level0_file_num_compaction_trigger: 4
2025/06/21-20:41:13.543197 2084a4200          Options.level0_slowdown_writes_trigger: 20
2025/06/21-20:41:13.543197 2084a4200              Options.level0_stop_writes_trigger: 36
2025/06/21-20:41:13.543198 2084a4200                   Options.target_file_size_base: 67108864
2025/06/21-20:41:13.543198 2084a4200             Options.target_file_size_multiplier: 1
2025/06/21-20:41:13.543199 2084a4200                Options.max_bytes_for_level_base: 268435456
2025/06/21-20:41:13.543200 2084a4200 Options.level_compaction_dynamic_level_bytes: 0
2025/06/21-20:41:13.543200 2084a4200          Options.max_bytes_for_level_multiplier: 10.000000
2025/06/21-20:41:13.543201 2084a4200 Options.max_bytes_for_level_multiplier_addtl[0]: 1
2025/06/21-20:41:13.543201 2084a4200 Options.max_bytes_for_level_multiplier_addtl[1]: 1
2025/06/21-20:41:13.543202 2084a4200 Options.max_bytes_for_level_multiplier_addtl[2]: 1
2025/06/21-20:41:13.543203 2084a4200 Options.max_bytes_for_level_multiplier_addtl[3]: 1
2025/06/21-20:41:13.543203 2084a4200 Options.max_bytes_for_level_multiplier_addtl[4]: 1
2025/06/21-20:41:13.543204 2084a4200 Options.max_bytes_for_level_multiplier_addtl[5]: 1
2025/06/21-20:41:13.543204 2084a4200 Options.max_bytes_for_level_multiplier_addtl[6]: 1
2025/06/21-20:41:13.543205 2084a4200       Options.max_sequential_skip_in_iterations: 8
2025/06/21-20:41:13.543205 2084a4200                    Options.max_compaction_bytes: 1677721600
2025/06/21-20:41:13.543206 2084a4200                        Options.arena_block_size: 8388608
2025/06/21-20:41:13.543206 2084a4200   Options.soft_pending_compaction_bytes_limit: 68719476736
2025/06/21-20:41:13.543207 2084a4200   Options.hard_pending_compaction_bytes_limit: 274877906944
2025/06/21-20:41:13.543207 2084a4200       Options.rate_limit_delay_max_milliseconds: 100
2025/06/21-20:41:13.543208 2084a4200                Options.disable_auto_compactions: 1
2025/06/21-20:41:13.543209 2084a4200                        Options.compaction_style: kCompactionStyleLevel
2025/06/21-20:41:13.543209 2084a4200                          Options.compaction_pri: kMinOverlappingRatio
2025/06/21-20:41:13.543210 2084a4200 Options.compaction_options_universal.size_ratio: 1
2025/06/21-20:41:13.543210 2084a4200 Options.compaction_options_universal.min_merge_width: 2
2025/06/21-20:41:13.543211 2084a4200 Options.compaction_options_universal.max_merge_width: 4294967295
2025/06/21-20:41:13.543211 2084a4200 Options.compaction_options_universal.max_size_amplification_percent: 200
2025/06/21-20:41:13.543212 2084a4200 Options.compaction_options_universal.compression_size_percent: -1
2025/06/21-20:41:13.543213 2084a4200 Options.compaction_options_universal.stop_style: kCompactionStopStyleTotalSize
2025/06/21-20:41:13.543213 2084a4200 Options.compaction_options_fifo.max_table_files_size: 1073741824
2025/06/21-20:41:13.543214 2084a4200 Options.compaction_options_fifo.allow_compaction: 0
2025/06/21-20:41:13.543214 2084a4200                   Options.table_properties_collectors: 
2025/06/21-20:41:13.543215 2084a4200                   Options.inplace_update_support: 0
2025/06/21-20:41:13.543215 2084a4200                 Options.inplace_update_num_locks: 10000
2025/06/21-20:41:13.543216 2084a4200               Options.memtable_prefix_bloom_size_ratio: 0.000000
2025/06/21-20:41:13.543217 2084a4200               Options.memtable_whole_key_filtering: 0
2025/06/21-20:41:13.543217 2084a4200   Options.memtable_huge_page_size: 0
2025/06/21-20:41:13.543218 2084a4200                           Options.bloom_locality: 0
2025/06/21-20:41:13.543218 2084a4200                    Options.max_successive_merges: 0
2025/06/21-20:41:13.543219 2084a4200                Options.optimize_filters_for_hits: 0
2025/06/21-20:41:13.543219 2084a4200                Options.paranoid_file_checks: 0
2025/06/21-20:41:13.543220 2084a4200                Options.force_consistency_checks: 1
2025/06/21-20:41:13.543225 2084a4200                Options.report_bg_io_stats: 0
2025/06/21-20:41:13.543225 2084a4200                               Options.ttl: 2592000
2025/06/21-20:41:13.543226 2084a4200          Options.periodic_compaction_seconds: 2592000
2025/06/21-20:41:13.543227 2084a4200                    Options.enable_blob_files: false
2025/06/21-20:41:13.543227 2084a4200                        Options.min_blob_size: 0
2025/06/21-20:41:13.543228 2084a4200                       Options.blob_file_size: 268435456
2025/06/21-20:41:13.543228 2084a4200                Options.blob_compression_type: NoCompression
2025/06/21-20:41:13.543229 2084a4200       Options.enable_blob_garbage_collection: false
2025/06/21-20:41:13.543229 2084a4200   Options.blob_garbage_collection_age_cutoff: 0.250000
2025/06/21-20:41:13.543250 2084a4200 [db/db_impl/db_impl.cc:2662] Created column family [CES] (ID 2)
2025/06/21-20:41:13.545141 2084a4200 [db/db_impl/db_impl_open.cc:1757] SstFileManager instance 0x7fdfb2037580
2025/06/21-20:41:13.545155 2084a4200 DB pointer 0x7fdfb183ba00
2025/06/21-20:41:16.550844 319d80000 [db/db_impl/db_impl.cc:932] ------- DUMPING STATS -------
2025/06/21-20:41:16.550875 319d80000 [db/db_impl/db_impl.cc:933] 
** DB Stats **
Uptime(secs): 3.0 total, 3.0 interval
Cumulative writes: 8 writes, 8 keys, 8 commit groups, 0.9 writes per commit group, ingest: 0.00 GB, 0.00 MB/s
Cumulative WAL: 8 writes, 0 syncs, 8.00 writes per sync, written: 0.00 GB, 0.00 MB/s
Cumulative stall: 00:00:0.000 H:M:S, 0.0 percent
Interval writes: 8 writes, 8 keys, 8 commit groups, 0.9 writes per commit group, ingest: 0.00 MB, 0.00 MB/s
Interval WAL: 8 writes, 0 syncs, 8.00 writes per sync, written: 0.00 MB, 0.00 MB/s
Interval stall: 00:00:0.000 H:M:S, 0.0 percent

** Compaction Stats [default] **
Level    Files   Size     Score Read(GB)  Rn(GB) Rnp1(GB) Write(GB) Wnew(GB) Moved(GB) W-Amp Rd(MB/s) Wr(MB/s) Comp(sec) CompMergeCPU(sec) Comp(cnt) Avg(sec) KeyIn KeyDrop Rblob(GB) Wblob(GB)
------------------------------------------------------------------------------------------------------------------------------------------------------------------------------------------------
 Sum      0/0    0.00 KB   0.0      0.0     0.0      0.0       0.0      0.0       0.0   0.0      0.0      0.0      0.00              0.00         0    0.000       0      0       0.0       0.0
 Int      0/0    0.00 KB   0.0      0.0     0.0      0.0       0.0      0.0       0.0   0.0      0.0      0.0      0.00              0.00         0    0.000       0      0       0.0       0.0

** Compaction Stats [default] **
Priority    Files   Size     Score Read(GB)  Rn(GB) Rnp1(GB) Write(GB) Wnew(GB) Moved(GB) W-Amp Rd(MB/s) Wr(MB/s) Comp(sec) CompMergeCPU(sec) Comp(cnt) Avg(sec) KeyIn KeyDrop Rblob(GB) Wblob(GB)
---------------------------------------------------------------------------------------------------------------------------------------------------------------------------------------------------

Blob file count: 0, total size: 0.0 GB

Uptime(secs): 3.0 total, 3.0 interval
Flush(GB): cumulative 0.000, interval 0.000
AddFile(GB): cumulative 0.000, interval 0.000
AddFile(Total Files): cumulative 0, interval 0
AddFile(L0 Files): cumulative 0, interval 0
AddFile(Keys): cumulative 0, interval 0
Cumulative compaction: 0.00 GB write, 0.00 MB/s write, 0.00 GB read, 0.00 MB/s read, 0.0 seconds
Interval compaction: 0.00 GB write, 0.00 MB/s write, 0.00 GB read, 0.00 MB/s read, 0.0 seconds
Stalls(count): 0 level0_slowdown, 0 level0_slowdown_with_compaction, 0 level0_numfiles, 0 level0_numfiles_with_compaction, 0 stop for pending_compaction_bytes, 0 slowdown for pending_compaction_bytes, 0 memtable_compaction, 0 memtable_slowdown, interval 0 total count

** File Read Latency Histogram By Level [default] **

** Compaction Stats [CE] **
