2025/06/21-20:41:13.494726 2084a4200 RocksDB version: 6.20.3
2025/06/21-20:41:13.495264 2084a4200 Git sha 8608d75d85f8e1b3b64b73a4fb6d19baec61ba5c
2025/06/21-20:41:13.495265 2084a4200 Compile date 2021-05-05 20:35:30
2025/06/21-20:41:13.495307 2084a4200 DB SUMMARY
2025/06/21-20:41:13.495309 2084a4200 DB Session ID:  EET2LWIFY3QY4Q0REJ1A
2025/06/21-20:41:13.495334 2084a4200 SST files in /Users/medhavisingh/Downloads/splitchainfinal/.dfx/network/local/state/replicated_state/node-100/ic_consensus_pool/consensus dir, Total Num: 0, files: 
2025/06/21-20:41:13.495336 2084a4200 Write Ahead Log file in /Users/medhavisingh/Downloads/splitchainfinal/.dfx/network/local/state/replicated_state/node-100/ic_consensus_pool/consensus: 
2025/06/21-20:41:13.495336 2084a4200                         Options.error_if_exists: 0
2025/06/21-20:41:13.495337 2084a4200                       Options.create_if_missing: 1
2025/06/21-20:41:13.495338 2084a4200                         Options.paranoid_checks: 1
2025/06/21-20:41:13.495338 2084a4200                               Options.track_and_verify_wals_in_manifest: 0
2025/06/21-20:41:13.495339 2084a4200                                     Options.env: 0x1071eeec8
2025/06/21-20:41:13.495380 2084a4200                                      Options.fs: Posix File System
2025/06/21-20:41:13.495381 2084a4200                                Options.info_log: 0x7fdfb2013b10
2025/06/21-20:41:13.495381 2084a4200                Options.max_file_opening_threads: 16
2025/06/21-20:41:13.495382 2084a4200                              Options.statistics: 0x0
2025/06/21-20:41:13.495382 2084a4200                               Options.use_fsync: 1
2025/06/21-20:41:13.495383 2084a4200                       Options.max_log_file_size: 0
2025/06/21-20:41:13.495387 2084a4200                  Options.max_manifest_file_size: 1073741824
2025/06/21-20:41:13.495388 2084a4200                   Options.log_file_time_to_roll: 0
2025/06/21-20:41:13.495389 2084a4200                       Options.keep_log_file_num: 1000
2025/06/21-20:41:13.495389 2084a4200                    Options.recycle_log_file_num: 0
2025/06/21-20:41:13.495390 2084a4200                         Options.allow_fallocate: 1
2025/06/21-20:41:13.495390 2084a4200                        Options.allow_mmap_reads: 0
2025/06/21-20:41:13.495391 2084a4200                       Options.allow_mmap_writes: 0
2025/06/21-20:41:13.495391 2084a4200                        Options.use_direct_reads: 0
2025/06/21-20:41:13.495392 2084a4200                        Options.use_direct_io_for_flush_and_compaction: 0
2025/06/21-20:41:13.495392 2084a4200          Options.create_missing_column_families: 1
2025/06/21-20:41:13.495393 2084a4200                              Options.db_log_dir: 
2025/06/21-20:41:13.495393 2084a4200                                 Options.wal_dir: /Users/medhavisingh/Downloads/splitchainfinal/.dfx/network/local/state/replicated_state/node-100/ic_consensus_pool/consensus
2025/06/21-20:41:13.495394 2084a4200                Options.table_cache_numshardbits: 6
2025/06/21-20:41:13.495394 2084a4200                         Options.WAL_ttl_seconds: 0
2025/06/21-20:41:13.495395 2084a4200                       Options.WAL_size_limit_MB: 0
2025/06/21-20:41:13.495395 2084a4200                        Options.max_write_batch_group_size_bytes: 1048576
2025/06/21-20:41:13.495396 2084a4200             Options.manifest_preallocation_size: 4194304
2025/06/21-20:41:13.495396 2084a4200                     Options.is_fd_close_on_exec: 1
2025/06/21-20:41:13.495397 2084a4200                   Options.advise_random_on_open: 1
2025/06/21-20:41:13.495397 2084a4200                    Options.db_write_buffer_size: 0
2025/06/21-20:41:13.495398 2084a4200                    Options.write_buffer_manager: 0x7fdfb2013c20
2025/06/21-20:41:13.495398 2084a4200         Options.access_hint_on_compaction_start: 1
2025/06/21-20:41:13.495399 2084a4200  Options.new_table_reader_for_compaction_inputs: 0
2025/06/21-20:41:13.495399 2084a4200           Options.random_access_max_buffer_size: 1048576
2025/06/21-20:41:13.495400 2084a4200                      Options.use_adaptive_mutex: 0
2025/06/21-20:41:13.495407 2084a4200                            Options.rate_limiter: 0x0
2025/06/21-20:41:13.495409 2084a4200     Options.sst_file_manager.rate_bytes_per_sec: 0
2025/06/21-20:41:13.495438 2084a4200                       Options.wal_recovery_mode: 2
2025/06/21-20:41:13.495439 2084a4200                  Options.enable_thread_tracking: 0
2025/06/21-20:41:13.495439 2084a4200                  Options.enable_pipelined_write: 0
2025/06/21-20:41:13.495440 2084a4200                  Options.unordered_write: 0
2025/06/21-20:41:13.495440 2084a4200         Options.allow_concurrent_memtable_write: 1
2025/06/21-20:41:13.495441 2084a4200      Options.enable_write_thread_adaptive_yield: 1
2025/06/21-20:41:13.495441 2084a4200             Options.write_thread_max_yield_usec: 100
2025/06/21-20:41:13.495442 2084a4200            Options.write_thread_slow_yield_usec: 3
2025/06/21-20:41:13.495443 2084a4200                               Options.row_cache: None
2025/06/21-20:41:13.495443 2084a4200                              Options.wal_filter: None
2025/06/21-20:41:13.495444 2084a4200             Options.avoid_flush_during_recovery: 0
2025/06/21-20:41:13.495444 2084a4200             Options.allow_ingest_behind: 0
2025/06/21-20:41:13.495445 2084a4200             Options.preserve_deletes: 0
2025/06/21-20:41:13.495445 2084a4200             Options.two_write_queues: 0
2025/06/21-20:41:13.495446 2084a4200             Options.manual_wal_flush: 0
2025/06/21-20:41:13.495446 2084a4200             Options.atomic_flush: 0
2025/06/21-20:41:13.495447 2084a4200             Options.avoid_unnecessary_blocking_io: 0
2025/06/21-20:41:13.495447 2084a4200                 Options.persist_stats_to_disk: 0
2025/06/21-20:41:13.495481 2084a4200                 Options.write_dbid_to_manifest: 0
2025/06/21-20:41:13.495481 2084a4200                 Options.log_readahead_size: 0
2025/06/21-20:41:13.495482 2084a4200                 Options.file_checksum_gen_factory: Unknown
2025/06/21-20:41:13.495482 2084a4200                 Options.best_efforts_recovery: 0
2025/06/21-20:41:13.495483 2084a4200                Options.max_bgerror_resume_count: 2147483647
2025/06/21-20:41:13.495483 2084a4200            Options.bgerror_resume_retry_interval: 1000000
2025/06/21-20:41:13.495484 2084a4200             Options.allow_data_in_errors: 0
2025/06/21-20:41:13.495484 2084a4200             Options.db_host_id: __hostname__
2025/06/21-20:41:13.495485 2084a4200             Options.max_background_jobs: 2
2025/06/21-20:41:13.495485 2084a4200             Options.max_background_compactions: -1
2025/06/21-20:41:13.495486 2084a4200             Options.max_subcompactions: 1
2025/06/21-20:41:13.495486 2084a4200             Options.avoid_flush_during_shutdown: 0
2025/06/21-20:41:13.495487 2084a4200           Options.writable_file_max_buffer_size: 1048576
2025/06/21-20:41:13.495487 2084a4200             Options.delayed_write_rate : 16777216
2025/06/21-20:41:13.495488 2084a4200             Options.max_total_wal_size: 0
2025/06/21-20:41:13.495488 2084a4200             Options.delete_obsolete_files_period_micros: 21600000000
2025/06/21-20:41:13.495489 2084a4200                   Options.stats_dump_period_sec: 600
2025/06/21-20:41:13.495490 2084a4200                 Options.stats_persist_period_sec: 600
2025/06/21-20:41:13.495490 2084a4200                 Options.stats_history_buffer_size: 1048576
2025/06/21-20:41:13.495491 2084a4200                          Options.max_open_files: -1
2025/06/21-20:41:13.495491 2084a4200                          Options.bytes_per_sync: 0
2025/06/21-20:41:13.495492 2084a4200                      Options.wal_bytes_per_sync: 0
2025/06/21-20:41:13.495492 2084a4200                   Options.strict_bytes_per_sync: 0
2025/06/21-20:41:13.495492 2084a4200       Options.compaction_readahead_size: 0
2025/06/21-20:41:13.495493 2084a4200                  Options.max_background_flushes: -1
2025/06/21-20:41:13.495493 2084a4200 Compression algorithms supported:
2025/06/21-20:41:13.495494 2084a4200 	kZSTD supported: 0
2025/06/21-20:41:13.495495 2084a4200 	kZlibCompression supported: 0
2025/06/21-20:41:13.495500 2084a4200 	kXpressCompression supported: 0
2025/06/21-20:41:13.495501 2084a4200 	kSnappyCompression supported: 0
2025/06/21-20:41:13.495502 2084a4200 	kZSTDNotFinalCompression supported: 0
2025/06/21-20:41:13.495502 2084a4200 	kLZ4HCCompression supported: 0
2025/06/21-20:41:13.495503 2084a4200 	kLZ4Compression supported: 0
2025/06/21-20:41:13.495503 2084a4200 	kBZip2Compression supported: 0
2025/06/21-20:41:13.495504 2084a4200 Fast CRC32 supported: Not supported on x86
2025/06/21-20:41:13.495715 2084a4200 [db/db_impl/db_impl_open.cc:285] Creating manifest 1 
2025/06/21-20:41:13.496001 2084a4200 [db/version_set.cc:4627] Recovering from manifest file: /Users/medhavisingh/Downloads/splitchainfinal/.dfx/network/local/state/replicated_state/node-100/ic_consensus_pool/consensus/MANIFEST-000001
2025/06/21-20:41:13.496045 2084a4200 [db/column_family.cc:598] --------------- Options for column family [default]:
2025/06/21-20:41:13.496046 2084a4200               Options.comparator: leveldb.BytewiseComparator
2025/06/21-20:41:13.496047 2084a4200           Options.merge_operator: None
2025/06/21-20:41:13.496048 2084a4200        Options.compaction_filter: None
2025/06/21-20:41:13.496048 2084a4200        Options.compaction_filter_factory: None
2025/06/21-20:41:13.496049 2084a4200  Options.sst_partitioner_factory: None
2025/06/21-20:41:13.496049 2084a4200         Options.memtable_factory: SkipListFactory
2025/06/21-20:41:13.496050 2084a4200            Options.table_factory: BlockBasedTable
2025/06/21-20:41:13.496379 2084a4200            table_factory options:   flush_block_policy_factory: FlushBlockBySizePolicyFactory (0x7fdfb2012ae0)
  cache_index_and_filter_blocks: 0
  cache_index_and_filter_blocks_with_high_priority: 1
  pin_l0_filter_and_index_blocks_in_cache: 0
  pin_top_level_index_and_filter: 1
  index_type: 0
  data_block_index_type: 0
  index_shortening: 1
  data_block_hash_table_util_ratio: 0.750000
  hash_index_allow_collision: 1
  checksum: 1
  no_block_cache: 0
  block_cache: 0x7fdfb2012b28
  block_cache_name: LRUCache
  block_cache_options:
    capacity : 8388608
    num_shard_bits : 4
    strict_capacity_limit : 0
    memory_allocator : None
    high_pri_pool_ratio: 0.000
  block_cache_compressed: 0x0
  persistent_cache: 0x0
  block_size: 4096
  block_size_deviation: 10
  block_restart_interval: 16
  index_block_restart_interval: 1
  metadata_block_size: 4096
  partition_filters: 0
  use_delta_encoding: 1
  filter_policy: nullptr
  whole_key_filtering: 1
  verify_compression: 0
  read_amp_bytes_per_bit: 0
  format_version: 5
  enable_index_compression: 1
  block_align: 0
2025/06/21-20:41:13.496380 2084a4200        Options.write_buffer_size: 67108864
2025/06/21-20:41:13.496381 2084a4200  Options.max_write_buffer_number: 2
2025/06/21-20:41:13.496383 2084a4200          Options.compression: NoCompression
2025/06/21-20:41:13.496384 2084a4200                  Options.bottommost_compression: Disabled
2025/06/21-20:41:13.496385 2084a4200       Options.prefix_extractor: nullptr
2025/06/21-20:41:13.496386 2084a4200   Options.memtable_insert_with_hint_prefix_extractor: nullptr
2025/06/21-20:41:13.496386 2084a4200             Options.num_levels: 7
2025/06/21-20:41:13.496387 2084a4200        Options.min_write_buffer_number_to_merge: 1
2025/06/21-20:41:13.496387 2084a4200     Options.max_write_buffer_number_to_maintain: 0
2025/06/21-20:41:13.496388 2084a4200     Options.max_write_buffer_size_to_maintain: 0
2025/06/21-20:41:13.496388 2084a4200            Options.bottommost_compression_opts.window_bits: -14
2025/06/21-20:41:13.496389 2084a4200                  Options.bottommost_compression_opts.level: 32767
2025/06/21-20:41:13.496390 2084a4200               Options.bottommost_compression_opts.strategy: 0
2025/06/21-20:41:13.496390 2084a4200         Options.bottommost_compression_opts.max_dict_bytes: 0
2025/06/21-20:41:13.496391 2084a4200         Options.bottommost_compression_opts.zstd_max_train_bytes: 0
2025/06/21-20:41:13.496391 2084a4200         Options.bottommost_compression_opts.parallel_threads: 1
2025/06/21-20:41:13.496397 2084a4200                  Options.bottommost_compression_opts.enabled: false
2025/06/21-20:41:13.496398 2084a4200         Options.bottommost_compression_opts.max_dict_buffer_bytes: 0
2025/06/21-20:41:13.496398 2084a4200            Options.compression_opts.window_bits: -14
2025/06/21-20:41:13.496399 2084a4200                  Options.compression_opts.level: 32767
2025/06/21-20:41:13.496399 2084a4200               Options.compression_opts.strategy: 0
2025/06/21-20:41:13.496400 2084a4200         Options.compression_opts.max_dict_bytes: 0
2025/06/21-20:41:13.496401 2084a4200         Options.compression_opts.zstd_max_train_bytes: 0
2025/06/21-20:41:13.496401 2084a4200         Options.compression_opts.parallel_threads: 1
2025/06/21-20:41:13.496402 2084a4200                  Options.compression_opts.enabled: false
2025/06/21-20:41:13.496402 2084a4200         Options.compression_opts.max_dict_buffer_bytes: 0
2025/06/21-20:41:13.496403 2084a4200      Options.level0_file_num_compaction_trigger: 4
2025/06/21-20:41:13.496403 2084a4200          Options.level0_slowdown_writes_trigger: 20
2025/06/21-20:41:13.496404 2084a4200              Options.level0_stop_writes_trigger: 36
2025/06/21-20:41:13.496404 2084a4200                   Options.target_file_size_base: 67108864
2025/06/21-20:41:13.496405 2084a4200             Options.target_file_size_multiplier: 1
2025/06/21-20:41:13.496406 2084a4200                Options.max_bytes_for_level_base: 268435456
2025/06/21-20:41:13.496406 2084a4200 Options.level_compaction_dynamic_level_bytes: 0
2025/06/21-20:41:13.496407 2084a4200          Options.max_bytes_for_level_multiplier: 10.000000
2025/06/21-20:41:13.496566 2084a4200 Options.max_bytes_for_level_multiplier_addtl[0]: 1
2025/06/21-20:41:13.496567 2084a4200 Options.max_bytes_for_level_multiplier_addtl[1]: 1
2025/06/21-20:41:13.496568 2084a4200 Options.max_bytes_for_level_multiplier_addtl[2]: 1
2025/06/21-20:41:13.496568 2084a4200 Options.max_bytes_for_level_multiplier_addtl[3]: 1
2025/06/21-20:41:13.496569 2084a4200 Options.max_bytes_for_level_multiplier_addtl[4]: 1
2025/06/21-20:41:13.496570 2084a4200 Options.max_bytes_for_level_multiplier_addtl[5]: 1
2025/06/21-20:41:13.496570 2084a4200 Options.max_bytes_for_level_multiplier_addtl[6]: 1
2025/06/21-20:41:13.496571 2084a4200       Options.max_sequential_skip_in_iterations: 8
2025/06/21-20:41:13.496571 2084a4200                    Options.max_compaction_bytes: 1677721600
2025/06/21-20:41:13.496572 2084a4200                        Options.arena_block_size: 8388608
2025/06/21-20:41:13.496572 2084a4200   Options.soft_pending_compaction_bytes_limit: 68719476736
2025/06/21-20:41:13.496573 2084a4200   Options.hard_pending_compaction_bytes_limit: 274877906944
2025/06/21-20:41:13.496574 2084a4200       Options.rate_limit_delay_max_milliseconds: 100
2025/06/21-20:41:13.496574 2084a4200                Options.disable_auto_compactions: 0
2025/06/21-20:41:13.496575 2084a4200                        Options.compaction_style: kCompactionStyleLevel
2025/06/21-20:41:13.496576 2084a4200                          Options.compaction_pri: kMinOverlappingRatio
2025/06/21-20:41:13.496576 2084a4200 Options.compaction_options_universal.size_ratio: 1
2025/06/21-20:41:13.496577 2084a4200 Options.compaction_options_universal.min_merge_width: 2
2025/06/21-20:41:13.496578 2084a4200 Options.compaction_options_universal.max_merge_width: 4294967295
2025/06/21-20:41:13.496578 2084a4200 Options.compaction_options_universal.max_size_amplification_percent: 200
2025/06/21-20:41:13.496579 2084a4200 Options.compaction_options_universal.compression_size_percent: -1
2025/06/21-20:41:13.496579 2084a4200 Options.compaction_options_universal.stop_style: kCompactionStopStyleTotalSize
2025/06/21-20:41:13.496580 2084a4200 Options.compaction_options_fifo.max_table_files_size: 1073741824
2025/06/21-20:41:13.496580 2084a4200 Options.compaction_options_fifo.allow_compaction: 0
2025/06/21-20:41:13.496583 2084a4200                   Options.table_properties_collectors: 
2025/06/21-20:41:13.496583 2084a4200                   Options.inplace_update_support: 0
2025/06/21-20:41:13.496592 2084a4200                 Options.inplace_update_num_locks: 10000
2025/06/21-20:41:13.496592 2084a4200               Options.memtable_prefix_bloom_size_ratio: 0.000000
2025/06/21-20:41:13.496593 2084a4200               Options.memtable_whole_key_filtering: 0
2025/06/21-20:41:13.496594 2084a4200   Options.memtable_huge_page_size: 0
2025/06/21-20:41:13.496594 2084a4200                           Options.bloom_locality: 0
2025/06/21-20:41:13.496595 2084a4200                    Options.max_successive_merges: 0
2025/06/21-20:41:13.496595 2084a4200                Options.optimize_filters_for_hits: 0
2025/06/21-20:41:13.496596 2084a4200                Options.paranoid_file_checks: 0
2025/06/21-20:41:13.496596 2084a4200                Options.force_consistency_checks: 1
2025/06/21-20:41:13.496597 2084a4200                Options.report_bg_io_stats: 0
2025/06/21-20:41:13.496598 2084a4200                               Options.ttl: 2592000
2025/06/21-20:41:13.496598 2084a4200          Options.periodic_compaction_seconds: 0
2025/06/21-20:41:13.496599 2084a4200                    Options.enable_blob_files: false
2025/06/21-20:41:13.496599 2084a4200                        Options.min_blob_size: 0
2025/06/21-20:41:13.496600 2084a4200                       Options.blob_file_size: 268435456
2025/06/21-20:41:13.496600 2084a4200                Options.blob_compression_type: NoCompression
2025/06/21-20:41:13.496601 2084a4200       Options.enable_blob_garbage_collection: false
2025/06/21-20:41:13.496601 2084a4200   Options.blob_garbage_collection_age_cutoff: 0.250000
2025/06/21-20:41:13.497076 2084a4200 [db/version_set.cc:4675] Recovered from manifest file:/Users/medhavisingh/Downloads/splitchainfinal/.dfx/network/local/state/replicated_state/node-100/ic_consensus_pool/consensus/MANIFEST-000001 succeeded,manifest_file_number is 1, next_file_number is 3, last_sequence is 0, log_number is 0,prev_log_number is 0,max_column_family is 0,min_log_number_to_keep is 0
2025/06/21-20:41:13.497122 2084a4200 [db/version_set.cc:4684] Column family [default] (ID 0), log number is 0
2025/06/21-20:41:13.497209 2084a4200 [db/version_set.cc:4119] Creating manifest 4
2025/06/21-20:41:13.497645 2084a4200 [db/column_family.cc:598] --------------- Options for column family [RB]:
2025/06/21-20:41:13.497647 2084a4200               Options.comparator: leveldb.BytewiseComparator
2025/06/21-20:41:13.497648 2084a4200           Options.merge_operator: None
2025/06/21-20:41:13.497654 2084a4200        Options.compaction_filter: filter_outdated
2025/06/21-20:41:13.497655 2084a4200        Options.compaction_filter_factory: None
2025/06/21-20:41:13.497656 2084a4200  Options.sst_partitioner_factory: None
2025/06/21-20:41:13.497657 2084a4200         Options.memtable_factory: SkipListFactory
2025/06/21-20:41:13.497657 2084a4200            Options.table_factory: BlockBasedTable
2025/06/21-20:41:13.497669 2084a4200            table_factory options:   flush_block_policy_factory: FlushBlockBySizePolicyFactory (0x7fdfb20098d0)
  cache_index_and_filter_blocks: 0
  cache_index_and_filter_blocks_with_high_priority: 1
  pin_l0_filter_and_index_blocks_in_cache: 0
  pin_top_level_index_and_filter: 1
  index_type: 0
  data_block_index_type: 0
  index_shortening: 1
  data_block_hash_table_util_ratio: 0.750000
  hash_index_allow_collision: 1
  checksum: 1
  no_block_cache: 0
  block_cache: 0x7fdfb2009918
  block_cache_name: LRUCache
  block_cache_options:
    capacity : 8388608
    num_shard_bits : 4
    strict_capacity_limit : 0
    memory_allocator : None
    high_pri_pool_ratio: 0.000
  block_cache_compressed: 0x0
  persistent_cache: 0x0
  block_size: 4096
  block_size_deviation: 10
  block_restart_interval: 16
  index_block_restart_interval: 1
  metadata_block_size: 4096
  partition_filters: 0
  use_delta_encoding: 1
  filter_policy: nullptr
  whole_key_filtering: 1
  verify_compression: 0
  read_amp_bytes_per_bit: 0
  format_version: 5
  enable_index_compression: 1
  block_align: 0
2025/06/21-20:41:13.497672 2084a4200        Options.write_buffer_size: 67108864
2025/06/21-20:41:13.497673 2084a4200  Options.max_write_buffer_number: 2
2025/06/21-20:41:13.497673 2084a4200          Options.compression: NoCompression
2025/06/21-20:41:13.497674 2084a4200                  Options.bottommost_compression: Disabled
2025/06/21-20:41:13.497675 2084a4200       Options.prefix_extractor: nullptr
2025/06/21-20:41:13.497676 2084a4200   Options.memtable_insert_with_hint_prefix_extractor: nullptr
2025/06/21-20:41:13.497676 2084a4200             Options.num_levels: 7
2025/06/21-20:41:13.497677 2084a4200        Options.min_write_buffer_number_to_merge: 1
2025/06/21-20:41:13.497678 2084a4200     Options.max_write_buffer_number_to_maintain: 0
2025/06/21-20:41:13.497678 2084a4200     Options.max_write_buffer_size_to_maintain: 0
2025/06/21-20:41:13.497679 2084a4200            Options.bottommost_compression_opts.window_bits: -14
2025/06/21-20:41:13.497680 2084a4200                  Options.bottommost_compression_opts.level: 32767
2025/06/21-20:41:13.497680 2084a4200               Options.bottommost_compression_opts.strategy: 0
2025/06/21-20:41:13.497681 2084a4200         Options.bottommost_compression_opts.max_dict_bytes: 0
2025/06/21-20:41:13.497681 2084a4200         Options.bottommost_compression_opts.zstd_max_train_bytes: 0
2025/06/21-20:41:13.497682 2084a4200         Options.bottommost_compression_opts.parallel_threads: 1
2025/06/21-20:41:13.497682 2084a4200                  Options.bottommost_compression_opts.enabled: false
2025/06/21-20:41:13.497683 2084a4200         Options.bottommost_compression_opts.max_dict_buffer_bytes: 0
2025/06/21-20:41:13.497683 2084a4200            Options.compression_opts.window_bits: -14
2025/06/21-20:41:13.497684 2084a4200                  Options.compression_opts.level: 32767
2025/06/21-20:41:13.497684 2084a4200               Options.compression_opts.strategy: 0
2025/06/21-20:41:13.497685 2084a4200         Options.compression_opts.max_dict_bytes: 0
2025/06/21-20:41:13.497685 2084a4200         Options.compression_opts.zstd_max_train_bytes: 0
2025/06/21-20:41:13.497686 2084a4200         Options.compression_opts.parallel_threads: 1
2025/06/21-20:41:13.497686 2084a4200                  Options.compression_opts.enabled: false
2025/06/21-20:41:13.497697 2084a4200         Options.compression_opts.max_dict_buffer_bytes: 0
2025/06/21-20:41:13.497697 2084a4200      Options.level0_file_num_compaction_trigger: 4
2025/06/21-20:41:13.497698 2084a4200          Options.level0_slowdown_writes_trigger: 20
2025/06/21-20:41:13.497698 2084a4200              Options.level0_stop_writes_trigger: 36
2025/06/21-20:41:13.497699 2084a4200                   Options.target_file_size_base: 67108864
2025/06/21-20:41:13.497699 2084a4200             Options.target_file_size_multiplier: 1
2025/06/21-20:41:13.497700 2084a4200                Options.max_bytes_for_level_base: 268435456
2025/06/21-20:41:13.497700 2084a4200 Options.level_compaction_dynamic_level_bytes: 0
2025/06/21-20:41:13.497701 2084a4200          Options.max_bytes_for_level_multiplier: 10.000000
2025/06/21-20:41:13.497701 2084a4200 Options.max_bytes_for_level_multiplier_addtl[0]: 1
2025/06/21-20:41:13.497702 2084a4200 Options.max_bytes_for_level_multiplier_addtl[1]: 1
2025/06/21-20:41:13.497703 2084a4200 Options.max_bytes_for_level_multiplier_addtl[2]: 1
2025/06/21-20:41:13.497703 2084a4200 Options.max_bytes_for_level_multiplier_addtl[3]: 1
2025/06/21-20:41:13.497704 2084a4200 Options.max_bytes_for_level_multiplier_addtl[4]: 1
2025/06/21-20:41:13.497704 2084a4200 Options.max_bytes_for_level_multiplier_addtl[5]: 1
2025/06/21-20:41:13.497705 2084a4200 Options.max_bytes_for_level_multiplier_addtl[6]: 1
2025/06/21-20:41:13.497705 2084a4200       Options.max_sequential_skip_in_iterations: 8
2025/06/21-20:41:13.497705 2084a4200                    Options.max_compaction_bytes: 1677721600
2025/06/21-20:41:13.497706 2084a4200                        Options.arena_block_size: 8388608
2025/06/21-20:41:13.497706 2084a4200   Options.soft_pending_compaction_bytes_limit: 68719476736
2025/06/21-20:41:13.497707 2084a4200   Options.hard_pending_compaction_bytes_limit: 274877906944
2025/06/21-20:41:13.497708 2084a4200       Options.rate_limit_delay_max_milliseconds: 100
2025/06/21-20:41:13.497708 2084a4200                Options.disable_auto_compactions: 1
2025/06/21-20:41:13.497709 2084a4200                        Options.compaction_style: kCompactionStyleLevel
2025/06/21-20:41:13.497709 2084a4200                          Options.compaction_pri: kMinOverlappingRatio
2025/06/21-20:41:13.497710 2084a4200 Options.compaction_options_universal.size_ratio: 1
2025/06/21-20:41:13.497710 2084a4200 Options.compaction_options_universal.min_merge_width: 2
2025/06/21-20:41:13.497711 2084a4200 Options.compaction_options_universal.max_merge_width: 4294967295
2025/06/21-20:41:13.497711 2084a4200 Options.compaction_options_universal.max_size_amplification_percent: 200
2025/06/21-20:41:13.497712 2084a4200 Options.compaction_options_universal.compression_size_percent: -1
2025/06/21-20:41:13.497712 2084a4200 Options.compaction_options_universal.stop_style: kCompactionStopStyleTotalSize
2025/06/21-20:41:13.497713 2084a4200 Options.compaction_options_fifo.max_table_files_size: 1073741824
2025/06/21-20:41:13.497713 2084a4200 Options.compaction_options_fifo.allow_compaction: 0
2025/06/21-20:41:13.497714 2084a4200                   Options.table_properties_collectors: 
2025/06/21-20:41:13.497714 2084a4200                   Options.inplace_update_support: 0
2025/06/21-20:41:13.497715 2084a4200                 Options.inplace_update_num_locks: 10000
2025/06/21-20:41:13.497715 2084a4200               Options.memtable_prefix_bloom_size_ratio: 0.000000
2025/06/21-20:41:13.497716 2084a4200               Options.memtable_whole_key_filtering: 0
2025/06/21-20:41:13.497717 2084a4200   Options.memtable_huge_page_size: 0
2025/06/21-20:41:13.497717 2084a4200                           Options.bloom_locality: 0
2025/06/21-20:41:13.497717 2084a4200                    Options.max_successive_merges: 0
2025/06/21-20:41:13.497718 2084a4200                Options.optimize_filters_for_hits: 0
2025/06/21-20:41:13.497718 2084a4200                Options.paranoid_file_checks: 0
2025/06/21-20:41:13.497719 2084a4200                Options.force_consistency_checks: 1
2025/06/21-20:41:13.497726 2084a4200                Options.report_bg_io_stats: 0
2025/06/21-20:41:13.497726 2084a4200                               Options.ttl: 2592000
2025/06/21-20:41:13.497727 2084a4200          Options.periodic_compaction_seconds: 2592000
2025/06/21-20:41:13.497727 2084a4200                    Options.enable_blob_files: false
2025/06/21-20:41:13.497728 2084a4200                        Options.min_blob_size: 0
2025/06/21-20:41:13.497728 2084a4200                       Options.blob_file_size: 268435456
2025/06/21-20:41:13.497729 2084a4200                Options.blob_compression_type: NoCompression
2025/06/21-20:41:13.497729 2084a4200       Options.enable_blob_garbage_collection: false
2025/06/21-20:41:13.497730 2084a4200   Options.blob_garbage_collection_age_cutoff: 0.250000
2025/06/21-20:41:13.497756 2084a4200 [db/db_impl/db_impl.cc:2662] Created column family [RB] (ID 1)
2025/06/21-20:41:13.498851 2084a4200 [db/column_family.cc:598] --------------- Options for column family [FZ]:
2025/06/21-20:41:13.498852 2084a4200               Options.comparator: leveldb.BytewiseComparator
2025/06/21-20:41:13.498853 2084a4200           Options.merge_operator: None
2025/06/21-20:41:13.498854 2084a4200        Options.compaction_filter: filter_outdated
2025/06/21-20:41:13.498854 2084a4200        Options.compaction_filter_factory: None
2025/06/21-20:41:13.498855 2084a4200  Options.sst_partitioner_factory: None
2025/06/21-20:41:13.498855 2084a4200         Options.memtable_factory: SkipListFactory
2025/06/21-20:41:13.498856 2084a4200            Options.table_factory: BlockBasedTable
2025/06/21-20:41:13.498864 2084a4200            table_factory options:   flush_block_policy_factory: FlushBlockBySizePolicyFactory (0x7fdfb200a4f0)
  cache_index_and_filter_blocks: 0
  cache_index_and_filter_blocks_with_high_priority: 1
  pin_l0_filter_and_index_blocks_in_cache: 0
  pin_top_level_index_and_filter: 1
  index_type: 0
  data_block_index_type: 0
  index_shortening: 1
  data_block_hash_table_util_ratio: 0.750000
  hash_index_allow_collision: 1
  checksum: 1
  no_block_cache: 0
  block_cache: 0x7fdfb200a538
  block_cache_name: LRUCache
  block_cache_options:
    capacity : 8388608
    num_shard_bits : 4
    strict_capacity_limit : 0
    memory_allocator : None
    high_pri_pool_ratio: 0.000
  block_cache_compressed: 0x0
  persistent_cache: 0x0
  block_size: 4096
  block_size_deviation: 10
  block_restart_interval: 16
  index_block_restart_interval: 1
  metadata_block_size: 4096
  partition_filters: 0
  use_delta_encoding: 1
  filter_policy: nullptr
  whole_key_filtering: 1
  verify_compression: 0
  read_amp_bytes_per_bit: 0
  format_version: 5
  enable_index_compression: 1
  block_align: 0
2025/06/21-20:41:13.498865 2084a4200        Options.write_buffer_size: 67108864
2025/06/21-20:41:13.498866 2084a4200  Options.max_write_buffer_number: 2
2025/06/21-20:41:13.498866 2084a4200          Options.compression: NoCompression
2025/06/21-20:41:13.498867 2084a4200                  Options.bottommost_compression: Disabled
2025/06/21-20:41:13.498867 2084a4200       Options.prefix_extractor: nullptr
2025/06/21-20:41:13.498868 2084a4200   Options.memtable_insert_with_hint_prefix_extractor: nullptr
2025/06/21-20:41:13.498869 2084a4200             Options.num_levels: 7
2025/06/21-20:41:13.498869 2084a4200        Options.min_write_buffer_number_to_merge: 1
2025/06/21-20:41:13.498870 2084a4200     Options.max_write_buffer_number_to_maintain: 0
2025/06/21-20:41:13.498870 2084a4200     Options.max_write_buffer_size_to_maintain: 0
2025/06/21-20:41:13.498871 2084a4200            Options.bottommost_compression_opts.window_bits: -14
2025/06/21-20:41:13.498871 2084a4200                  Options.bottommost_compression_opts.level: 32767
2025/06/21-20:41:13.498872 2084a4200               Options.bottommost_compression_opts.strategy: 0
2025/06/21-20:41:13.498873 2084a4200         Options.bottommost_compression_opts.max_dict_bytes: 0
2025/06/21-20:41:13.498873 2084a4200         Options.bottommost_compression_opts.zstd_max_train_bytes: 0
2025/06/21-20:41:13.498874 2084a4200         Options.bottommost_compression_opts.parallel_threads: 1
2025/06/21-20:41:13.498874 2084a4200                  Options.bottommost_compression_opts.enabled: false
2025/06/21-20:41:13.498875 2084a4200         Options.bottommost_compression_opts.max_dict_buffer_bytes: 0
2025/06/21-20:41:13.498875 2084a4200            Options.compression_opts.window_bits: -14
2025/06/21-20:41:13.498876 2084a4200                  Options.compression_opts.level: 32767
2025/06/21-20:41:13.498877 2084a4200               Options.compression_opts.strategy: 0
2025/06/21-20:41:13.498877 2084a4200         Options.compression_opts.max_dict_bytes: 0
2025/06/21-20:41:13.498878 2084a4200         Options.compression_opts.zstd_max_train_bytes: 0
2025/06/21-20:41:13.498878 2084a4200         Options.compression_opts.parallel_threads: 1
2025/06/21-20:41:13.498879 2084a4200                  Options.compression_opts.enabled: false
2025/06/21-20:41:13.498887 2084a4200         Options.compression_opts.max_dict_buffer_bytes: 0
2025/06/21-20:41:13.498887 2084a4200      Options.level0_file_num_compaction_trigger: 4
2025/06/21-20:41:13.498888 2084a4200          Options.level0_slowdown_writes_trigger: 20
2025/06/21-20:41:13.498889 2084a4200              Options.level0_stop_writes_trigger: 36
2025/06/21-20:41:13.498889 2084a4200                   Options.target_file_size_base: 67108864
2025/06/21-20:41:13.498890 2084a4200             Options.target_file_size_multiplier: 1
2025/06/21-20:41:13.498890 2084a4200                Options.max_bytes_for_level_base: 268435456
2025/06/21-20:41:13.498891 2084a4200 Options.level_compaction_dynamic_level_bytes: 0
2025/06/21-20:41:13.498891 2084a4200          Options.max_bytes_for_level_multiplier: 10.000000
2025/06/21-20:41:13.498892 2084a4200 Options.max_bytes_for_level_multiplier_addtl[0]: 1
2025/06/21-20:41:13.498893 2084a4200 Options.max_bytes_for_level_multiplier_addtl[1]: 1
2025/06/21-20:41:13.498893 2084a4200 Options.max_bytes_for_level_multiplier_addtl[2]: 1
2025/06/21-20:41:13.498894 2084a4200 Options.max_bytes_for_level_multiplier_addtl[3]: 1
2025/06/21-20:41:13.498894 2084a4200 Options.max_bytes_for_level_multiplier_addtl[4]: 1
2025/06/21-20:41:13.498895 2084a4200 Options.max_bytes_for_level_multiplier_addtl[5]: 1
2025/06/21-20:41:13.498896 2084a4200 Options.max_bytes_for_level_multiplier_addtl[6]: 1
2025/06/21-20:41:13.498896 2084a4200       Options.max_sequential_skip_in_iterations: 8
2025/06/21-20:41:13.498897 2084a4200                    Options.max_compaction_bytes: 1677721600
2025/06/21-20:41:13.498897 2084a4200                        Options.arena_block_size: 8388608
2025/06/21-20:41:13.498898 2084a4200   Options.soft_pending_compaction_bytes_limit: 68719476736
2025/06/21-20:41:13.498898 2084a4200   Options.hard_pending_compaction_bytes_limit: 274877906944
2025/06/21-20:41:13.498899 2084a4200       Options.rate_limit_delay_max_milliseconds: 100
2025/06/21-20:41:13.498900 2084a4200                Options.disable_auto_compactions: 1
2025/06/21-20:41:13.498900 2084a4200                        Options.compaction_style: kCompactionStyleLevel
2025/06/21-20:41:13.498901 2084a4200                          Options.compaction_pri: kMinOverlappingRatio
2025/06/21-20:41:13.498901 2084a4200 Options.compaction_options_universal.size_ratio: 1
2025/06/21-20:41:13.498902 2084a4200 Options.compaction_options_universal.min_merge_width: 2
2025/06/21-20:41:13.498903 2084a4200 Options.compaction_options_universal.max_merge_width: 4294967295
2025/06/21-20:41:13.498903 2084a4200 Options.compaction_options_universal.max_size_amplification_percent: 200
2025/06/21-20:41:13.498904 2084a4200 Options.compaction_options_universal.compression_size_percent: -1
2025/06/21-20:41:13.498905 2084a4200 Options.compaction_options_universal.stop_style: kCompactionStopStyleTotalSize
2025/06/21-20:41:13.498905 2084a4200 Options.compaction_options_fifo.max_table_files_size: 1073741824
2025/06/21-20:41:13.498906 2084a4200 Options.compaction_options_fifo.allow_compaction: 0
2025/06/21-20:41:13.498906 2084a4200                   Options.table_properties_collectors: 
2025/06/21-20:41:13.498907 2084a4200                   Options.inplace_update_support: 0
2025/06/21-20:41:13.498907 2084a4200                 Options.inplace_update_num_locks: 10000
2025/06/21-20:41:13.498908 2084a4200               Options.memtable_prefix_bloom_size_ratio: 0.000000
2025/06/21-20:41:13.498909 2084a4200               Options.memtable_whole_key_filtering: 0
2025/06/21-20:41:13.498909 2084a4200   Options.memtable_huge_page_size: 0
2025/06/21-20:41:13.498910 2084a4200                           Options.bloom_locality: 0
2025/06/21-20:41:13.498910 2084a4200                    Options.max_successive_merges: 0
2025/06/21-20:41:13.498911 2084a4200                Options.optimize_filters_for_hits: 0
2025/06/21-20:41:13.498911 2084a4200                Options.paranoid_file_checks: 0
2025/06/21-20:41:13.498912 2084a4200                Options.force_consistency_checks: 1
2025/06/21-20:41:13.498919 2084a4200                Options.report_bg_io_stats: 0
2025/06/21-20:41:13.498920 2084a4200                               Options.ttl: 2592000
2025/06/21-20:41:13.498920 2084a4200          Options.periodic_compaction_seconds: 2592000
2025/06/21-20:41:13.498921 2084a4200                    Options.enable_blob_files: false
2025/06/21-20:41:13.498922 2084a4200                        Options.min_blob_size: 0
2025/06/21-20:41:13.498922 2084a4200                       Options.blob_file_size: 268435456
2025/06/21-20:41:13.498923 2084a4200                Options.blob_compression_type: NoCompression
2025/06/21-20:41:13.498923 2084a4200       Options.enable_blob_garbage_collection: false
2025/06/21-20:41:13.498924 2084a4200   Options.blob_garbage_collection_age_cutoff: 0.250000
2025/06/21-20:41:13.498939 2084a4200 [db/db_impl/db_impl.cc:2662] Created column family [FZ] (ID 2)
2025/06/21-20:41:13.499967 2084a4200 [db/column_family.cc:598] --------------- Options for column family [NZ]:
2025/06/21-20:41:13.499969 2084a4200               Options.comparator: leveldb.BytewiseComparator
2025/06/21-20:41:13.499969 2084a4200           Options.merge_operator: None
2025/06/21-20:41:13.499970 2084a4200        Options.compaction_filter: filter_outdated
2025/06/21-20:41:13.499971 2084a4200        Options.compaction_filter_factory: None
2025/06/21-20:41:13.499971 2084a4200  Options.sst_partitioner_factory: None
2025/06/21-20:41:13.499972 2084a4200         Options.memtable_factory: SkipListFactory
2025/06/21-20:41:13.499972 2084a4200            Options.table_factory: BlockBasedTable
2025/06/21-20:41:13.499980 2084a4200            table_factory options:   flush_block_policy_factory: FlushBlockBySizePolicyFactory (0x7fdfb200b110)
  cache_index_and_filter_blocks: 0
  cache_index_and_filter_blocks_with_high_priority: 1
  pin_l0_filter_and_index_blocks_in_cache: 0
  pin_top_level_index_and_filter: 1
  index_type: 0
  data_block_index_type: 0
  index_shortening: 1
  data_block_hash_table_util_ratio: 0.750000
  hash_index_allow_collision: 1
  checksum: 1
  no_block_cache: 0
  block_cache: 0x7fdfb200b158
  block_cache_name: LRUCache
  block_cache_options:
    capacity : 8388608
    num_shard_bits : 4
    strict_capacity_limit : 0
    memory_allocator : None
    high_pri_pool_ratio: 0.000
  block_cache_compressed: 0x0
  persistent_cache: 0x0
  block_size: 4096
  block_size_deviation: 10
  block_restart_interval: 16
  index_block_restart_interval: 1
  metadata_block_size: 4096
  partition_filters: 0
  use_delta_encoding: 1
  filter_policy: nullptr
  whole_key_filtering: 1
  verify_compression: 0
  read_amp_bytes_per_bit: 0
  format_version: 5
  enable_index_compression: 1
  block_align: 0
2025/06/21-20:41:13.499981 2084a4200        Options.write_buffer_size: 67108864
2025/06/21-20:41:13.499982 2084a4200  Options.max_write_buffer_number: 2
2025/06/21-20:41:13.499983 2084a4200          Options.compression: NoCompression
2025/06/21-20:41:13.499983 2084a4200                  Options.bottommost_compression: Disabled
2025/06/21-20:41:13.499984 2084a4200       Options.prefix_extractor: nullptr
2025/06/21-20:41:13.499984 2084a4200   Options.memtable_insert_with_hint_prefix_extractor: nullptr
2025/06/21-20:41:13.499985 2084a4200             Options.num_levels: 7
2025/06/21-20:41:13.499985 2084a4200        Options.min_write_buffer_number_to_merge: 1
2025/06/21-20:41:13.499986 2084a4200     Options.max_write_buffer_number_to_maintain: 0
2025/06/21-20:41:13.499986 2084a4200     Options.max_write_buffer_size_to_maintain: 0
2025/06/21-20:41:13.499987 2084a4200            Options.bottommost_compression_opts.window_bits: -14
2025/06/21-20:41:13.499988 2084a4200                  Options.bottommost_compression_opts.level: 32767
2025/06/21-20:41:13.499988 2084a4200               Options.bottommost_compression_opts.strategy: 0
2025/06/21-20:41:13.499989 2084a4200         Options.bottommost_compression_opts.max_dict_bytes: 0
